9999999999999999999999999999999999999999999999999999999999999999999999999999999999999999999999999999999999999999999999999999999999999999999999999999999999999999999999999999999999999999999999999999999999999999999999999999999999999999999999999999999999
9999999999999999999999999999999999999999999999999999999999999999999999999999999999999999999999999999999999999999999999999999999999999999999999999999999999999999999999999999999999999999999999999999999999999999999999999999999999999999999999999999999999
9999999999999999999999999999999999999999999999999999999999999999999999999999999999999999999999999999999999999999999999999999999999999999999999999999999999999999999999999999999999999999999999999999999999999999999999999999999999999999999999999999999999
9999999999999999999999999999999999999999999999999999999999999999999999999999999999999999999999999999999999999999999999999999999999999999999999999999999999999999999999999999999999999999999999999999999999999999999999999999999999999999999999999999999999
9999999999999999999999999999999999999999999999999999999999999999999999999999999999999999999999999999999999999999999999999999999999999999999999999999999999999999999999999999999999999999999999999999999999999999999999999999999999999999999999999999999999
9999999999999999999999999999999999999999999999999999999999999999999999999999999999999999999999999999999999999999999999999999999999999999999999999999999999999999999999999999999999999999999999999999999999999999999999999999999999999999999999999999999999
9999999999999999999999999999999999999999999999999999999999999999999999999999999999999999999999999999999999999999999999999999999999999999999999999999999999999999999999999999999999999999999999999999999999999999999999999999999999999999999999999999999999
9999999999999999999999999999999999999999999999999999999999999999999999999999999999999999999999999999999999999999999999999999999999999999999999999999999999999999999999999999999999999999999999999999999999999999999999999999999999999999999999999999999999
9999999999999999999999999999999999999999999999999999999999999999999999999999999999999999999999999999999999999999999999999999999999999999999999999999999999999999999999999999999999999999999999999999999999999999999999999999999999999999999999999999999999
9999999999999999999999999999999999999999999999999999999999999999999999999999999999999999999999999999999999999999999999999999999999999999999999999999999999999999999999999999999999999999999999999999999999999999999999999999999999999999999999999999999999
9999999999999999999999999999999999999999999999999999999999999999999999999999999999999999999999999999999999999999999999999999999999999999999999999999999999999999999999999999999999999999999999999999999999999999999999999999999999999999999999999999999999
9999999999999999999999999999999999999999999999999999999999999999999999999999999999999999999999999999999999999999999999999999999999999999999999999999911111111111111111111991199999111119999991119991111999111999991111111119991119111111111111111999999999
9999999999999999999999999999999999999999999999999999999999999999999999999999999999999999999999999999999999999999999999999999999999999999999999999999119999199919999199991111199999111111999991119991111999111119991111111111111119111111111111111119999999
9999999999999999999999999999999999999999999999999999999999999999999999999999999999999999999999999999999999999999999999999999999999999999999999999999999999999999999999999111199999111111999991119991111999111119999111111111111119111111111111111119999999
9999999999999999999999999999999999999999999999999999999999999999999999999999999999999999999999999999999999999999999999999999999999999999999999999999119999199999999199991111199999111111999991119991111999111119991111111111111119111111111111111119999999
9999999999999999999999999999999999999999999999999999999999999999999999999999999999999999999999999999999999999999999999999999999999999999999999999999111111111111111111111111199999111111999991119991111999111119991111111111111119911111111111111119999999
9999999999999999999999999999999999999999999999999999999999999999999999999999999999999999999999999999999999999999999999999999999999999999999999999999111111111111111111111111199999111111999991119991111999111111191111111111111119911111111111111119999999
9999999999999999999999999999999999999999999999999999999999999999999999999999999999999999999999999999999999999999999999999999999999999999999999999999111999199911999199911111199999111111999991119991111999111111199999999999991119911999999999999999999999
9999999999999999999999999999999999999999999999999999999999999999999999999999999999999999999999999999999999999999999999999999999999999999999999999999199999999999999999999111111911111111119111111911111111111111111111111111111111111111111111111119999999
9999999999999999999999999999999999999999999999999999999999999999999999999999999999999999999999999999999999999999999999999999999999999999999999999999199999999999999999999111111111111111111111111111111111111111111111111111111111111111111111111119999999
9999999999999999999999999999999999999999999999999999999999999999999999999999999999999999999999999999999999999999999999999999999999999999999999999999111911191911919191111111111111111111199999999999999999999911111111111111111111111111111111111119999999
9999999999999999999999999999999999999999999999999999999999999999999999999999999999999999999999999999999999999999999999999999999999999999999999999999111111111111111111111111111111111111999999999999999999999911111111111111999999911199999999111119999999
9999999999999999999999999999999999999999999999999999999999999999999999999999999999999999999999999999999999999999999999999999999999999999999999999999991111111111111111119991111199111199999999999999999999999999111111111119999999999999999999999999999999
9999999999999999999999999999999999999999999999999999999999999999999999999999999999999999999999999999999999999999999999999999999999999999999999999999991999199911999199911991111999999999999999999999999999999999111111111119999911111111111111111999999999
9999999999999999999999999999999999999999999999999999999999999999999999999999999999999999999999999999999999999999999999999999999999999999999999999999199999999999999999991111111999999999999999999999999999999911111111111111119911111111111111111119999999
9999999999999999999999999999999999999999999999999999999999999999999999999999999999999999999999999999999999999999999999999999999999999999999999999999119999199999999199991111111999999991999999999999999999999999999999111111111111111111111111111119999999
9999999999999999999999999999999999999999999999999999999999999999999999999999999999999999999999999999999999999999999999999999999999999999999999999999111111111111111111111111111111111111999999999999999999999999999999111119999111111111111111111119999999
9999999999999999999999999999999999999999999999999999999999999999999999999999999999999999999999999999999999999999999999999999999999999999999999999999111111111111111111111111111111111111999999999999999999999999919999111119999199999999119999999919999999
9999999999999999999999999999999999999999999999999999999999999999999999999999999999999999999999999999999999999999999999999999999999999999999999999999111111111111111111111111111111111111999999999999999999999911111111111119999999999999999999999999999999
9999999999999999999999999999999999999999999999999999999999999999999999999999999999999999999999999999999999999999999999999999999999999999999999999999119999199999999199991111111999999911999999999999999999999911111111111119999199911191111991999919999999
9999999999999999999999999999999999999999999999999999999999999999999999999999999999999999999999999999999999999999999999999999999999999999999999999999199999999999999999991111111999999999999999999999999999999999919999111111999111111111111111111119999999
9999999999999999999999999999999999999999999999999999999999999999999999999999999999999999999999999999999999999999999999999999999999999999999999999999119999199919999199991111111999999911999999999999999999999999999999111111111111111111111111111119999999
9999999999999999999999999999999999999999999999999999999999999999999999999999999999999999999999999999999999999999999999999999999999999999999999999999111111111111111111111111111111111111999999999999999999999999999999111111999911111111111111111119999999
9999999999999999999999999999999999999999999999999999999999999999999999999999999999999999999999999999999999999999999999999999999999999999999999999999999999999999999999999999111111111111999999999999999999999911111111111111999911111111111111111999999999
9999999999999999999999999999999999999999999999999999999999999999999999999999999999999999999999999999999999999999999999999999999999999999999999999999991111111111111111119999111999911119999999999999999999999999111111111119999999999999999999111999999999
9999999999999999999999999999999999999999999999999999999999999999999999999999999999999999999999999999999999999999999999999999999999999999999999999999991111111111111111119999111999999999999999999999999999999999111111111119999999999999999999999999999999
9999999999999999999999999999999999999999999999999999999999999999999999999999999999999999999999999999999999999999999999999999999999999999999999999999111111111111111111111111111999999999999999999999999999999911111111111111999911111111111111111999999999
9999999999999999999999999999999999999999999999999999999999999999999999999999999999999999999999999999999999999999999999999999999999999999999999999999999999999999999999999999111999911111999999999999999999999999911999111111999911111111111111111999999999
9999999999999999999999999999999999999999999999999999999999999999999999999999999999999999999999999999999999999999999999999999999999999999999999999999999999999999999999999999111111111111999999999999999999999999999999111111111111111111111111111119999999
9999999999999999999999999999999999999999999999999999999999999999999999999999999999999999999999999999999999999999999999999999999999999999999999999999111111111111111111999999111111111111999999999999999999999999999999111111999111111111111111111119999999
9999999999999999999999999999999999999999999999999999999999999999999999999999999999999999999999999999999999999999999999999999999999999999999999999999999999999111111111999999111999999911999999999999999999999911111111111119999111111111111111111119999999
9999999999999999999999999999999999999999999999999999999999999999999999999999999999999999999999999999999999999999999999999999999999999999999999999999999999999111111111999999111999999999999999999999999999999911111111111119999999999999999999999999999999
9999999999999999999999999999999999999999999999999999999999999999999999999999999999999999999999999999999999999999999999999999999999999999999999999999191991911111111111999999111999999911999999999999999999999911111111111119999999999999999999999999999999
9999999999999999999999999999999999999999999999999999999999999999999999999999999999999999999999999999999999999999999999999999999999999999999999999999111111111111111111999999111999111111999999999999999999999999999999911119999199119991111911199119999999
9999999999999999999999999999999999999999999999999999999999999999999999999999999999999999999999999999999999999999999999999999999999999999999999999999999999999111111111999999111111111111999999999999999999999999999999911111999111111111111111111119999999
9999999999999999999999999999999999999999999999999999999999999999999999999999999999999999999999999999999999999999999999999999999999999999999999999999999999999111111111999999111111199999999999999999999999999999919999111111111111111111111111111119999999
9999999999999999999999999999999999999999999999999999999999999999999999999999999999999999999999999999999999999999999999999999999999999999999999999999999999991111111111999999111111199999999999999999999999999991111111111119999911111111111111111999999999
9999999999999999999999999999999999999999999999999999999999999999999999999999999999999999999999999999999999999999999999999999999999999999999999999999911111111111111111999999111111199999999999999999999999999999111111111119999911111111111111111999999999
9999999999999999999999999999999999999999999999999999999999999999999999999999999999999999999999999999999999999999999999999999999999999999999999999999999999999111111111999999111111111199999999999999999999999999111111111119999999999999999999999999999999
9999999999999999999999999999999999999999999999999999999999999999999999999999999999999999999999999999999999999999999999999999999999999999999999999999999999999111111111999999111111111111111111111111111111111111111111111111999999999999999999999999999999
9999999999999999999999999999999999999999999999999999999999999999999999999999999999999999999999999999999999999999999999999999999999999999999999999999999999999111111111999999111111111111111111111199111111111111111111111111999911111111111111111999999999
9999999999999999999999999999999999999999999999999999999999999999999999999999999999999999999999999999999999999999999999999999999999999999999999999991111111111111111111999999111111111111111111111999999911111111111111111111199911111111111111111999999999
9999999999999999999999999999999999999999999999999999999999999999999999999999999999999999999999999999999999999999999999999999999999999999999999999999999999999111111111999999111111111111111111119991111999991111111111111111111111111111111111111199999999
9999999999999999999999999999999999999999999999999999999999999999999999999999999999999999999999999999999999999999999999999999999999999999999999999999999999999111111111999999111111111111111111199911111111991111111111111119999111111111111111111199999999
9999999999999999999999999999999999999999999999999999999999999999999999999999999999999999999999999999999999999999999999999999999999999999999999999999999999999111111111999999111111111111111111199911111119991111111111111119999199919991111991199199999999
9999999999999999999999999999999999999999999999999999999999999999999999999999999999999999999999999999999999999999999999999999999999999999999999999991111111111111111111111199111111111111111111999111111199911111111111111119999999999999999999999999999999
9999999999999999999999999999999999999999999999999999999999999999999999999999999999999999999999999999999999999999999999999999999999999999999999999991111111111111111111111199111111111111111111999999111199111111111111111119999999999999999999999999999999
9999999999999999999999999999999999999999999999999999999999999999999999999999999999999999999999999999999999999999999999999999999999999999999999999991111111111111111111111199111111111111111111111999911191111111111111111119999111111111111111111199999999
9999999999999999999999999999999999999999999999999999999999999999999999999999999999999999999999999999999999999999999999999999999999999999999999999991111111111111111111111111111111111111111111111111111111111111111111111111111111111111111111111199999999
9999999999999999999999999999999999999999999999999999999999999999999999999999999999999999999999999999999999999999999999999999999999999999999999999999911111111999999999999999999999991199911111111111111111111199111111111119991111111111111111119999999999
9999999999999999999999999999999999999999999999999999999999999999999999999999999999999999999999999999999999999999999999999999999999999999999999999999911111111991191999119991111119991199911111111111111111111199111111111119999911111111111111119999999999
9999999999999999999999999999999999999999999999999999999999999999999999999999999999999999999999999999999999999999999999999999999999999999999999999991111111111991991199199991111199999111111111111111111111111111111111111111999911111111111111111999999999
9999999999999999999999999999999999999999999999999999999999999999999999999999999999999999999999999999999999999999999999999999999999999999999999999991111111111991111111111111111199999111111111111111111111111111111111111111999999999999999999999999999999
9999999999999999999999999999999999999999999999999999999999999999999999999999999999999999999999999999999999999999999999999999999999999999999999999999111111111991999999999999911199991111111111111111111111111111111111111111999999911199919999111999999999
9999999999999999999999999999999999999999999999999999999999999999999999999999999999999999999999999999999999999999999999999999999999999999999999999999991111111991199999991119919999991111111111111111111111111111111111111111999911111111111111111999999999
9999999999999999999999999999999999999999999999999999999999999999999999999999999999999999999999999999999999999999999999999999999999999999999999999999999911111999999999911111111999991111111111111111111111111111111111111111999911111111111111111999999999
9999999999999999999999999999999999999999999999999999999999999999999999999999999999999999999999999999999999999999999999999999999999999999999999911119999999111999999999911999911111111111999999999999999999999911111111111111111111111111111111111999999999
9999999999999999999999999999999999999999999999999999999999999999999999999999999999999999999999999999999999999999999999999999999999999999999999111119999999999999999999999999919999999119999999999999999999999999999991111111999911111111111111111999999999
9999999999999999999999999999999999999999999999999999999999999999999999999999999999999999999999999999999999999999999999999999999999999911111111111999911999999999999999999999919911991119999999999999999999999999999991111111999999911199919991111999999999
9999999999999999999999999999999999999999999999999999999999999999999999999999999999999999999999999999999999999999999999999999999999991111111111999991111119999999999999911111111111991111999999999999999999999999999991111111111999999999999999999999999999
9999999999999999999999999999999999999999999999999999999999999999999999999999999999999999999999999999999999999999999999999999999999991111111119999111111111199999999999999999999911991111999999999999999999999911119991111111199999911199919999111999999999
9999999999999999999999999999999999999999999999999999999999999999999999999999999999999999999999999999999999999999999999999999999999991111111119911111111111111999999999999999999999991199999999999999999999999999111111111119999911111111111111111999999999
9999999999999999999999999999999999999999999999999999999999999999999999999999999999999999999999999999999999999999999999999999999999991111991111111111111111111119999991999999999999991199999999999999999999999999111111111199999911111111111111119999999999
9999999999999999999999999999999999999999999999999999999999999999999999999999999999999999999999999999999999999999999999999999999999911119991111111111111111111119999111119999999999991111999999999999999999999991111111111111111111111111111111111999999999
9999999999999999999999999999999999999999999999999999999999999999999999999999999999999999999999999999999999999999999999999999999911119999911111111111111111111199911119911199999999991111999999999999999999999999999991111119999111111111111111111199999999
9999999999999999999999999999999999999999999999999999999999999999999999999999999999999999999999999999999999999999999999999999999911999991111111111111111111111199991119999111999999999119999999999999999999999999999991111119999999919991119991999999999999
9999999999999999999111111111111111111199199911111111111999911999999911119999999111199999199999999999999999919999999999999999999999999111111111111111111111111111999911999991119999999919999999999999999999999999999991111119999999999999999999999999999999
9999999999999999991111111111111111111119111111111111111999911999999911119999999111199999999911199999911199911111119999999111191999991111111111111111111111111111119999119999911199999119999999999999999999999911119991111119999999999991119999999999999999
9999999999999999911111111111111111111119111111111111111999911999999911119999999111199999991111199999911199911111111111111111111119999111111111111111111111111111111199991199999111999991999111111111111111111111111111111119999111111111111111111199999999
9999999999999999911111111111111111111119111111111111111999911999999911119999999111199999991111199999911199911111111111111111111111199991111111111111111111111111111111999911999911119999911199999999999999991111111111111111111111111111111111111199999999
9999999999999999911111111111111111111119111111111111111999911999999911119999999111119999991111199999911199911111199999999999999999999999911111111111111111111111111111119991119911111199911119999999999999991991111111111119911111111111111111111999999999
9999999999999999991111111111111111111119111999999111111999911999999911119999999111199999991111199999911199911111999999999999999999999999999111199911111111111111111111111111999111191119911111111111111111111999111111111199999911111111111111119999999999
9999999999999999999999999999999999911999999999999111111999911999999911119999999111199999991111199999911199911111999911111999991999999999999999999999111111111111111111191199991119999911111111111111111111111991111111111119999999911199919991111999999999
9999999999999999911111111111111111111111999999999111111111111111111111111111111111111111111111111111111111111111999911111999991999991199999999911199991111111111111199999999111199999991111111111111111111111111111111111111999999999999999999999999999999
9999999999999999911111111111119911111111111111111111111111111111111111111111111111111111111111111111111111111119999911111991111999991199999991111111999911111111119999199911199999999999911111111111111111111111111111111111999999911199919991111999999999
9999999999999999911111111111119911111111999111111111111111111111111111111111111111111111111111111111111111111119999911111991111199991199999911111991119999111111199911111119999999999999911111111111111111111111111111111111999911111111111111111999999999
9999999999999999999111111111119911111111999911111111111111111111199911111111111111111111119911111111111111111119999911111999111199991119999999111999911999991111199111111199999999999999111111111111111111111111111111111111111111111111111111111999999999
9999999999999999999111111111119911111111999911111111111111111111199911111111111111111111199911111111111111111119999999911999999119991119999999991119999111999111199111119999999999999999111111111111111111111111111111111119999111111111111111111199999999
9999999999999999911111111111119911111111999911111111111111111111119111111111111111111111119911111111111111111111991111111999999119991119999999999911199991111119991111999999999999999999111111111111111111111111111111111119999111111111111111111199999999
9999999999999999911111111111119911111111999911119111111111111111111111111111111111111111111111111111111111111111991111111111111111111119999999999999111999911999111199999999999999999991111111111111111111111111111111111119999199919991119999999999999999
9999999999999999911111111111119911111111999911199991111111999911111111199991111111999911111111199999911191111119991111111119991199999119999999999999991199999911119999999999999999999111111111111111111111111111111111111119999999999999999999999999999999
9999999999999999911111111111119911111111999911199991111119999911111111199999111111999991111111199999911999911119999999999999991119999999999999999999999911111111999999999999999999911111111111111111111111111111111111111119999199919991119999999199999999
9999999999999999999999999999999911111111999911199991111111999911111111199991111111999911111111199999911999911119999999999999999119999999999999999999999991111199999999999999999991111111111999999999999999911111111111111119999111111111111111111199999999
9999999999999999999999999999999911111111999911199991111119999911119111199999111111999991119911199999911999911111111111111111111111111111111111111111119999999119999999999999999111111111111999999999999999911999111111111199999111111111111111119999999999
9999999999999999999111111111119911111199999999999999999999999999999999999999999999999999999999999999911999991111119999999999999999999999999991999999999199999911119999999999911111111199999111119999111111111991111111111111111111111111111111119999999999
9999999999999999911111111111119911111199999999999999999999999999999999999999999999999999999999999999999999999111111999999999999999999999999999999999991119999911111111111111111111111119999999999999999999999911111111111119999999919991119999999999999999
9999999999999999911111111111119911111199999999999999999999999999999999999999999999999999999991111111111111199111111191111111111919999999999999999999991111111111111111111111111119991111999999999999999999999999999999911119999999999999999999999999999999
9999999999999999911111111111119911111199999999999999999999999999999999999999999999999999999991111111111111199111111191111111111119999999999999999999991111111111111111111111111999911111999999999999999999999999919999111119999111111111111111111199999999
9999999999999999911111111111119911111199999999999999999999999999999999999999999999999999999991111111111111199111111191111111111119999999999999999999999991111111111111111111199991111111999999999999999999999911111111111111111111111111111111111199999999
9999999999999999911111111111119911111199999999999999999999999999999999999999999999999999999991111111111111199111111191111111111119999999999999999999999991111111111111111111999111111111999999999999999999999911111111111111111111111111111111111199999999
9999999999999999911111111111119911111199999999999999999999999999999999999999999999999999999991111111111111199111111191111111111119999999999999999999999991111111111111111111111111111111999999999999999999999911111111111119999111111111111111111199999999
9999999999999999911111111111111111111199999999999999999999999999999999999999999999999999999991111111111111199111111191111111111119999999999999999999999991111111111111111111111111111111999999999999999999999999919999111119999999999991119991999199999999
9999999999999999999999999999999911111199999999999999999999999999999999999999999999999999999991111111111111199111111191111111111119999999999999999999999991111111111111111111111111111111999999999999999999999999999999111119999999999999999999999999999999
9999999999999999999999999999999911111199999999999999999999999999999999999999999999999999999991111111111111199111111191111111111119999999999999999999991111111111111111111111111111111111999999999999999999999999919999111119999199119991119991999199999999
9999999999999999911111111111111111111199999999999999999999999999999999999999999999999999999991111111111111111111111111111999999999999999999999999999991111111111111199999999911111111111999999999999999999999911111111111119999111111111111111111199999999
9999999999999999999111911991111111111199999999999999999999999999999999999999999999999999999999999999999999999111119999999999999999999999999999999999991111119991111999999999999999999999999999999999999999999991111111111199911111111199999999919999999999
9999999999999999999199999999911111111199999999999999111199999991199991999999911199999991199991111111111111111111119991111111111119911111111111111111191111119991111999111119999999999991999999111111111111119991111111111199911111111199999999999999999999
9999999999999999999999999999999111111199991199999999111199999991111111999999911199999991111991111111111111199111119911111111111119111111111111111111191111111111111111111111119999999911111999111111111111119911111111111111111111119999999999999999999999
9999999999999999911111111111119111111199991999999999111199999991111111999999911199999991111991111111111111199111119911111111111119111111111111111111191111111111111119999999999999999911111999111111111111119911111111111111111111119911111111111199999999
9999999999999999911111111111119111111199991999999999111199999991111111999999911199999991111991111111119919999111119999999111111119111111111111111999191111111111111119999999999999999911111999111111111111119911111111111111111111119911111111111199999999
9999999999999999991111111111111111111199991111999999111199999991111111999999111119999991111999999999999999999111119999999999991119999999991119999999991111111111111111111111111111199999911999119999999999999911111111111111111111119911111111111199999999
9999999999999999999999999999999111111111111111111111111111111111111111111111111111111111111111111111111111111111111111111111111111111111111111111111111111111111111111111111111111111111111111111111111111111111111111111111111111119911111111111199999999
9999999999999999999111111111119111111111199111111111111111111111199911111999999999111111199911111111119999999991119991111111111999999999119991199999999911119991111111111999999999119991111111111111111111111999111111111111111111119911111111111199999999
9999999999999999999111111111119111111111199111111111111111111111199911111999999999111119999999999111119999999991119999999999911999999999119991199999999911999999999911111999999999119999999999999111199999999999111999999991111111119911111111111199999999
9999999999999999911111111111111111111111111111111111111111111111111111111999999999111119999999999111119999999991119999999999911999999999111111199999999911199999999111111999999999111119999999999111199999999991111999999991111111119911111111111199999999
9999999999999999999999999999119999999999919999999999919999999999911999111999999999111119999999999111119999999911111999999991111199999999911111199999991111119999999111111199991191111119999999991111199999999911111999999911111111119911111111111199999999
9999999999999999911999999999119911199999119991111111119991111111111999111999999999111119999999999111119999999111111999999991111119999999911111199999991111111119911111111199999999111111111911111111111199111111111119911111111111111111111111111199999999
9999999999999999911111111111119911111111119991111111119991111111111999111999999999111111999999991111119999999111111999999911111119999999111111199999991111111119911111111199999991111111111911111111111199111111111111911119911111119999999999999999999999
9999999999999999911111111111119911111111119991111111119991111111111999111999999999111119999999999111119999999111111999999991111199999999111111199191111111111119911111111111191111111111111911111111111199111111111111911199911111119999999999999999999999
9999999999999999911111111111119911111111119911111111111991111111111999111199999999111119999999999111111999991111111999999911111111999991111111119991111111199999999991111111191111111119999999911111199999999111119999999919911111111111111111111999999999
9999999999999999911111111111119911111111119911111111111991111111111999111999999999111119999999999111119999999111111999999911111119999999111111199191111111199999999991111111191111111119999999911111199999999111119999999911111111199911111111111199999999
9999999999999999911111111111119911111111119911111111111991111111111999111199999999111119999999999111119999999111111999991911111119999999111111199999991111111119911111111199999991111111111911111111111199111111111111911111111111199911111111111199999999
9999999999999999911111111111119911111111119911111111111991111111111999111199999999111111999999111111119999999111111119999111111119999999911111199999991911111119911111111199999991111111111911111111111199111111111111911111111111199911111111111199999999
9999999999999999999111111111119911111111199911111111111991111111199999111199999999911119999999999111119999999911119999999999911199999999999991999191999911999999999999911111191111119991991911999911111199191991111991911119911111199911111111119999999999
9999999999999999999999999999999999999999999999999999999999999999999999999999999999999999999999999999999999999999999999999999999999999999999999999999999999999999999999999999999999999999999999999999999999999999999999999999999999999999999999999999999999
9999999999999999999999999999999999999999999999999999999999999999999999999999999999999999999999999999999999999999999999999999999999999999999999999999999999999999999999999999999999999999999999999999999999999999999999999999999999999999999999999999999999
9999999999999999999999999999999999999999999999999999999999999999999999999999999999999999999999999999999999999999999999999999999999999999999999999999999999999999999999999999999999999999999999999999999999999999999999999999999999999999999999999999999999